PlayerTeleported:(5.608754,-4.340891,0):(1,0,0,0.5)
PlayerTeleported:(17.01057,-1.465876,0):(1,0,0,0.5)
PlayerTeleported:(7.360006,-0.8684795,0):(1,0,0,0.5)
PlayerDied:(5.209992,-4.34865,0):(1,0,0,0.5)
PlayerDied:(4.369993,-3.926568,0):(1,0,0,0.5)
PlayerTeleported:(5.786788,-4.340891,0):(1,0,0,0.5)
PlayerTeleported:(18.19392,-1.429517,0):(1,0,0,0.5)
PlayerTeleported:(6.880007,-0.8684795,0):(1,0,0,0.5)
