PlayerTeleported:(5.608754,-4.340891,0):(1,0,0,0.5)
PlayerTeleported:(17.01057,-1.465876,0):(1,0,0,0.5)
PlayerTeleported:(7.360006,-0.8684795,0):(1,0,0,0.5)
