PlayerTeleported:(-2.220354,-0.6846595,0):(1,0,0,0.5)
PlayerTeleported:(6.746761,-4.341106,0):(1,0,0,0.5)
PlayerTeleported:(-1.470005,-0.6846595,0):(1,0,0,0.5)
PlayerTeleported:(5.472636,-4.341228,0):(1,0,0,0.5)
