PlayerTeleported:(-5.425402,-8.582433,0):(1,0,0,0.5)
PlayerTeleported:(-5.065396,-8.537158,0):(1,0,0,0.5)
PlayerDied:(-3.780004,-8.211316,0):(1,0,0,0.5)
