PlayerTeleported:(-5.425402,-8.582433,0):(1,0,0,0.5)
PlayerTeleported:(-5.065396,-8.537158,0):(1,0,0,0.5)
